2 0.472787 0.125331 0.071340 0.111663
2 0.435050 0.213213 0.082713 0.101323
2 0.507940 0.206493 0.071340 0.112696
2 0.408168 0.290240 0.086849 0.098222
2 0.483644 0.306266 0.064103 0.093052
2 0.439185 0.396216 0.101323 0.105459
2 0.516729 0.396733 0.070306 0.096154
2 0.423677 0.489268 0.107527 0.101323
2 0.457279 0.473759 0.067204 0.078577
2 0.513110 0.498056 0.083747 0.085815
2 0.445389 0.620058 0.111663 0.089950
2 0.480025 0.587490 0.067204 0.097188
2 0.539475 0.611270 0.080645 0.101323
2 0.460897 0.744127 0.111663 0.106493
2 0.492949 0.708457 0.068238 0.103391
2 0.551882 0.733271 0.082713 0.109595
2 0.484160 0.856307 0.089950 0.117866
2 0.542060 0.847519 0.065136 0.116832
2 0.500186 0.043135 0.070306 0.081679